     0/299     11.1G   0.07241   0.05049   0.02896    0.1519       110      1280    0.5926   0.02553   0.01106  0.002422   0.09654     0.209    0.0286
     1/299     10.9G   0.06288   0.03994   0.01645    0.1193        76      1280    0.4893   0.07127   0.05321   0.01453    0.0955    0.2114   0.02483
     2/299     10.9G   0.05645   0.03781   0.01276     0.107       106      1280     0.222    0.1802    0.1248   0.04318   0.08002    0.2581   0.01785
     3/299     10.9G   0.04876   0.03686   0.01014   0.09576        83      1280    0.2425    0.2351    0.1822   0.07613   0.07285    0.2393   0.01672
     4/299     10.9G   0.04512   0.03599  0.008785    0.0899       126      1280     0.286    0.2731    0.2101    0.0892   0.06953    0.2411   0.01667
     5/299     10.9G   0.04307   0.03549  0.008049   0.08662        44      1280    0.3182    0.2809     0.227   0.09814   0.06807    0.2311   0.01629
     6/299     10.9G   0.04169   0.03504  0.007664   0.08439        40      1280    0.3383    0.2908    0.2477    0.1085   0.06689    0.2293   0.01592
     7/299     10.9G   0.04077   0.03435  0.007318   0.08244       153      1280    0.2982    0.3456    0.2658    0.1182   0.06542    0.2347   0.01559
     8/299     10.9G   0.03998   0.03355  0.006927   0.08046        49      1280    0.3231    0.3301     0.274    0.1258    0.0649    0.2294   0.01543
     9/299     10.9G   0.03947   0.03326  0.006812   0.07954        96      1280    0.3539    0.3297    0.2849    0.1306   0.06456    0.2271   0.01535
    10/299     10.9G   0.03883   0.03315  0.006487   0.07847        52      1280    0.3328    0.3439     0.301    0.1376   0.06381     0.225   0.01522
    11/299     10.9G   0.03861    0.0327  0.006289    0.0776        89      1280    0.3993     0.343    0.3097    0.1433   0.06357    0.2262   0.01498
    12/299     10.9G   0.03818   0.03266  0.006157   0.07699       154      1280    0.4226    0.3613    0.3259    0.1521   0.06192    0.2328   0.01461
    13/299     10.9G   0.03766   0.03218  0.006063    0.0759       106      1280    0.4412    0.3697    0.3362    0.1563   0.06211    0.2292   0.01444
    14/299     10.9G   0.03748   0.03248  0.005779   0.07574       101      1280    0.4321    0.3608    0.3323    0.1577   0.06054    0.2426   0.01442
    15/299     10.9G    0.0372   0.03214  0.005641   0.07498       124      1280    0.4685    0.3704    0.3545    0.1683    0.0604    0.2351   0.01447
    16/299     10.9G   0.03709   0.03181  0.005597    0.0745       110      1280    0.4726    0.3823    0.3614    0.1716   0.05983    0.2452   0.01437
    17/299     10.9G   0.03685    0.0322  0.005358   0.07441        64      1280     0.481    0.4017    0.3847    0.1827   0.05907    0.2435   0.01402
    18/299     10.9G   0.03656   0.03178  0.005238   0.07358        29      1280     0.504    0.3822    0.3873    0.1857   0.05887    0.2448   0.01395
    19/299     10.9G   0.03647    0.0316  0.005206   0.07327        91      1280    0.4766    0.3884    0.3822    0.1805   0.05868    0.2449   0.01382
    20/299     10.9G   0.03618   0.03175  0.005065   0.07299       113      1280    0.5736    0.4063    0.4184    0.1996   0.05789    0.2487   0.01354
    21/299     10.9G   0.03612    0.0314  0.004963   0.07249        93      1280    0.5667    0.4068    0.4166    0.2004   0.05769    0.2458   0.01355
    22/299     10.9G   0.03599   0.03203  0.004865   0.07288        89      1280    0.5657     0.408    0.4296    0.2055   0.05714    0.2495   0.01346
    23/299     10.9G   0.03602   0.03158  0.004771   0.07236        85      1280    0.5778    0.4044    0.4321    0.2102   0.05676    0.2519   0.01336
    24/299     10.9G   0.03582   0.03176  0.004804   0.07239       107      1280    0.5709     0.424    0.4322     0.209   0.05655    0.2481   0.01304
    25/299     10.9G   0.03558   0.03189  0.004716   0.07218       113      1280    0.5618    0.4413     0.447    0.2195   0.05614    0.2464   0.01301
    26/299     10.9G   0.03556   0.03133  0.004477   0.07137        86      1280    0.6112     0.432    0.4515    0.2213   0.05512    0.2516   0.01302
    27/299     10.9G   0.03562   0.03197  0.004577   0.07217        94      1280    0.6126    0.4202    0.4521    0.2263   0.05463    0.2415   0.01286
    28/299     10.9G   0.03548   0.03224  0.004598   0.07231       144      1280    0.6267    0.4392    0.4689    0.2342   0.05403    0.2396   0.01277
    29/299     10.9G   0.03525   0.03152  0.004441   0.07122        60      1280    0.6447    0.4466    0.4781    0.2362   0.05319    0.2406    0.0127
    30/299     10.9G   0.03513   0.03171  0.004353   0.07119        49      1280    0.6534    0.4299    0.4741    0.2371   0.05294    0.2384   0.01291
    31/299     10.9G   0.03502    0.0319  0.004257   0.07118        73      1280    0.5774    0.4759    0.4836    0.2373   0.05276    0.2399   0.01258
    32/299     10.9G   0.03474   0.03195  0.004236   0.07093       108      1280    0.6685    0.4504    0.4951    0.2463   0.05247    0.2415   0.01287
    33/299     10.9G   0.03463   0.03146  0.004137   0.07023        64      1280    0.6867    0.4559    0.4928    0.2418   0.05206    0.2432   0.01248
    34/299     10.9G   0.03458   0.03149  0.004033   0.07009        43      1280    0.6395    0.4648    0.4919    0.2456   0.05227    0.2375   0.01236
    35/299     10.9G   0.03464    0.0318  0.003936   0.07037       104      1280    0.7116    0.4491     0.502    0.2521   0.05184    0.2401   0.01245
    36/299     10.9G   0.03439   0.03116  0.003961   0.06951        81      1280    0.7222    0.4436    0.5063    0.2534   0.05168    0.2444    0.0123
    37/299     10.9G   0.03428   0.03176  0.003823   0.06986        46      1280    0.6765    0.4831    0.5086    0.2492   0.05139    0.2442   0.01228
    38/299     10.9G   0.03412   0.03147  0.003873   0.06946        93      1280    0.6706    0.4858    0.5152    0.2572   0.05097    0.2446   0.01216
    39/299     10.9G   0.03409   0.03144    0.0038   0.06933       102      1280     0.704    0.4733    0.5197    0.2595   0.05075    0.2461   0.01223
    40/299     10.9G   0.03397   0.03177  0.003691   0.06943        70      1280    0.6753    0.4834    0.5199    0.2641   0.05071    0.2437   0.01205
    41/299     10.9G   0.03395   0.03164   0.00368   0.06927        47      1280    0.6796    0.4923    0.5285    0.2681    0.0503    0.2434   0.01191
    42/299     10.9G   0.03388   0.03197  0.003571   0.06942       118      1280    0.6905    0.4906    0.5327    0.2634   0.05035    0.2444   0.01171
    43/299     10.9G   0.03379    0.0314  0.003557   0.06874       116      1280    0.7552    0.4693    0.5354    0.2664   0.05016    0.2461   0.01176
    44/299     10.9G   0.03361   0.03163  0.003435   0.06868       150      1280    0.6979    0.4968    0.5467     0.271    0.0502    0.2481   0.01181
    45/299     10.9G   0.03359   0.03174  0.003472    0.0688        72      1280    0.7284      0.48    0.5439    0.2708   0.05023    0.2456   0.01179
    46/299     10.9G   0.03346   0.03083  0.003336   0.06762       109      1280    0.7677    0.4724    0.5543     0.276   0.04971    0.2493   0.01176
    47/299     10.9G    0.0334   0.03156  0.003458   0.06842       157      1280    0.7156    0.5034    0.5517     0.276   0.04973     0.248    0.0117
    48/299     10.9G   0.03335   0.03156  0.003269   0.06817        60      1280     0.727    0.4933    0.5563    0.2776   0.04947    0.2504    0.0119
    49/299     10.9G   0.03319   0.03125  0.003362    0.0678        55      1280    0.7485     0.497    0.5505    0.2772    0.0494    0.2511    0.0117
    50/299     10.9G   0.03315   0.03086   0.00325   0.06726        97      1280    0.7578    0.5008    0.5603    0.2815   0.04922     0.252   0.01179
    51/299     10.9G   0.03317   0.03128  0.003262   0.06771       120      1280    0.7366    0.4974    0.5581    0.2789   0.04916    0.2515   0.01211
    52/299     10.9G   0.03311   0.03143  0.003156    0.0677        88      1280    0.7598    0.4986    0.5695    0.2864   0.04871    0.2536   0.01182
    53/299     10.9G   0.03312   0.03098  0.003132   0.06723       167      1280    0.7724    0.4908    0.5664    0.2846    0.0489    0.2504   0.01186
    54/299     10.9G   0.03293   0.03106  0.003034   0.06702        49      1280    0.7624    0.5057    0.5733    0.2885   0.04855    0.2551   0.01165
    55/299     10.9G   0.03281   0.03082  0.003069    0.0667       112      1280    0.7726    0.5037    0.5808     0.294   0.04851    0.2524    0.0119
    56/299     10.9G   0.03283   0.03061  0.003056   0.06649        93      1280    0.7498    0.5087    0.5754    0.2905   0.04827    0.2556   0.01181
    57/299     10.9G   0.03275   0.03088   0.00308   0.06671       120      1280    0.7353    0.5184    0.5717    0.2898   0.04811    0.2568   0.01176
    58/299     10.9G   0.03275    0.0306  0.003109   0.06645        78      1280    0.7654    0.5205      0.58    0.2942   0.04825    0.2559   0.01186
    59/299     10.9G   0.03269   0.03089  0.002931   0.06651       112      1280    0.7471    0.5129    0.5748    0.2929    0.0481    0.2577   0.01183
    60/299     10.9G   0.03254   0.03074  0.002924    0.0662       164      1280    0.7519    0.5216    0.5852    0.2971   0.04788    0.2582   0.01166
    61/299     10.9G   0.03256   0.03055  0.002836   0.06595        74      1280    0.7996    0.5085    0.5894    0.2997   0.04778    0.2594   0.01169
    62/299     10.9G   0.03266   0.03074  0.002869   0.06627        44      1280    0.7097    0.5477    0.5889    0.3002   0.04764    0.2588   0.01168
    63/299     10.9G   0.03248      0.03   0.00289   0.06537       112      1280    0.7398    0.5311    0.5914    0.3016   0.04754    0.2593   0.01185
    64/299     10.9G   0.03242   0.03074  0.002832   0.06599        67      1280    0.7427     0.532    0.5971    0.3043    0.0474    0.2611   0.01191
    65/299     10.9G   0.03237   0.03028  0.002804   0.06546       153      1280    0.7589    0.5313    0.5979    0.3014    0.0474    0.2613   0.01174
    66/299     10.9G   0.03235   0.03066  0.002821   0.06583       116      1280    0.7933    0.5172    0.5961    0.3108   0.04717    0.2628   0.01174
    67/299     10.9G    0.0325   0.03071  0.002788   0.06599       121      1280    0.7648    0.5318    0.6041    0.3108   0.04714    0.2623   0.01168
    68/299     10.9G   0.03227   0.03024  0.002724   0.06524        97      1280    0.7634    0.5341    0.6058    0.3089   0.04703    0.2629   0.01165
    69/299     10.9G   0.03228   0.03039  0.002684   0.06535        65      1280    0.7701    0.5355    0.6063    0.3116   0.04693    0.2634   0.01173
    70/299     10.9G   0.03224   0.03037  0.002745   0.06536        96      1280    0.7605    0.5394    0.6063    0.3137   0.04679    0.2652   0.01174
    71/299     10.9G   0.03215   0.02998  0.002684   0.06481       110      1280    0.7835     0.527    0.6022    0.3118   0.04672    0.2648   0.01165
    72/299     10.9G   0.03209   0.02979   0.00266   0.06453        62      1280    0.7289    0.5514    0.6068    0.3099    0.0466    0.2658   0.01165
    73/299     10.9G   0.03205   0.02996  0.002641   0.06465        78      1280    0.7447    0.5349    0.6034      0.31   0.04658     0.266   0.01161
    74/299     10.9G   0.03212   0.03001   0.00263   0.06477       141      1280    0.7954    0.5146    0.6047    0.3115   0.04642    0.2661    0.0115
    75/299     10.9G     0.032   0.03026  0.002637    0.0649       166      1280    0.7658    0.5312    0.6054    0.3137   0.04629    0.2665   0.01167
    76/299     10.9G   0.03207   0.03001  0.002633   0.06471        77      1280    0.7164    0.5591    0.6073    0.3137   0.04618    0.2664   0.01168
    77/299     10.9G     0.032   0.03009  0.002532   0.06462        67      1280    0.7738    0.5412    0.6119    0.3162   0.04612     0.267    0.0117
    78/299     10.9G   0.03208   0.03028  0.002555   0.06491        85      1280    0.8095     0.518     0.611    0.3132   0.04613    0.2671   0.01183
    79/299     10.9G   0.03198   0.02971  0.002462   0.06415        70      1280     0.792    0.5264    0.6122    0.3168   0.04612    0.2669   0.01176
    80/299     10.9G   0.03187   0.02981  0.002511   0.06419        61      1280    0.7654    0.5434    0.6131    0.3187   0.04603    0.2676    0.0118
    81/299     10.9G   0.03182   0.02996  0.002468   0.06425       100      1280    0.7735    0.5368     0.614    0.3194   0.04592    0.2681   0.01167
    82/299     10.9G   0.03186   0.02958  0.002409   0.06385        83      1280    0.7998    0.5344    0.6165    0.3201   0.04585    0.2683   0.01167
    83/299     10.9G   0.03182   0.02976   0.00241     0.064        89      1280    0.7959    0.5401    0.6182    0.3183   0.04585    0.2685   0.01172
    84/299     10.9G   0.03186   0.02987  0.002434   0.06417        95      1280    0.7809    0.5454    0.6178    0.3185   0.04581    0.2683   0.01174
    85/299     10.9G   0.03177   0.02948  0.002395   0.06364        97      1280    0.7787    0.5471    0.6191    0.3201   0.04576    0.2688   0.01175
    86/299     10.9G   0.03175    0.0299  0.002413   0.06407       115      1280    0.7775    0.5502    0.6192    0.3191   0.04575    0.2692   0.01169
    87/299     10.9G    0.0316   0.02981  0.002304   0.06372       118      1280    0.8186     0.532    0.6209    0.3199   0.04569      0.27   0.01164
    88/299     10.9G   0.03167    0.0295  0.002367   0.06354        93      1280    0.7623    0.5545    0.6225    0.3215   0.04566    0.2702   0.01159
    89/299     10.9G   0.03164    0.0292  0.002371   0.06321       123      1280    0.7729    0.5479    0.6218    0.3212   0.04565    0.2704   0.01163
    90/299     10.9G   0.03162   0.02987  0.002314    0.0638        58      1280    0.7474    0.5593    0.6223    0.3206   0.04563    0.2705   0.01173
    91/299     10.9G   0.03161    0.0293  0.002322   0.06323        64      1280    0.7665     0.559    0.6241     0.324   0.04561    0.2703   0.01169
    92/299     10.9G   0.03149   0.02969  0.002236   0.06342        76      1280    0.7895    0.5485    0.6237    0.3242   0.04558    0.2706   0.01164
    93/299     10.9G   0.03152   0.02943  0.002371   0.06332       108      1280    0.7585     0.563    0.6225    0.3239   0.04553    0.2711   0.01159
    94/299     10.9G   0.03141    0.0292  0.002264   0.06287        86      1280    0.7749    0.5628    0.6258    0.3241   0.04549    0.2718   0.01157
    95/299     10.9G   0.03142   0.02956  0.002242   0.06323        95      1280    0.7699    0.5614    0.6243    0.3245   0.04548    0.2723   0.01158
    96/299     10.9G   0.03128   0.02907  0.002183   0.06253       104      1280    0.7878    0.5507    0.6219    0.3246   0.04545    0.2729   0.01158
    97/299     10.9G   0.03139   0.02945   0.00216     0.063        80      1280    0.7664    0.5653    0.6261     0.324   0.04545     0.273   0.01158
    98/299     10.9G   0.03144   0.02919  0.002215   0.06285       110      1280    0.7574    0.5668    0.6237    0.3238   0.04544    0.2731    0.0116
    99/299     10.9G   0.03124   0.02876  0.002121   0.06212        49      1280    0.7821    0.5571    0.6276    0.3255   0.04545    0.2734   0.01162
   100/299     10.9G    0.0313   0.02876   0.00218   0.06224        68      1280    0.7977    0.5515    0.6296    0.3266   0.04541    0.2737   0.01164
   101/299     10.9G   0.03123    0.0289   0.00216   0.06229        73      1280     0.804    0.5495    0.6301    0.3276   0.04539    0.2738   0.01163
   102/299     10.9G   0.03128   0.02902  0.002154   0.06246        90      1280    0.8067    0.5504    0.6314    0.3283   0.04536     0.274   0.01161
   103/299     10.9G   0.03116   0.02917  0.002086   0.06241       143      1280    0.7682    0.5669    0.6305    0.3294   0.04533    0.2742    0.0116
   104/299     10.9G   0.03118   0.02902  0.002152   0.06235        99      1280    0.7878    0.5588    0.6312     0.329    0.0453    0.2749    0.0116
   105/299     10.9G   0.03116   0.02924  0.002123   0.06252        70      1280    0.7885    0.5623    0.6348    0.3319   0.04529    0.2752    0.0116
   106/299     10.9G   0.03121   0.02925    0.0021   0.06256        69      1280    0.7724    0.5711    0.6363    0.3323   0.04528    0.2756    0.0116
   107/299     10.9G   0.03109   0.02886   0.00197   0.06192        34      1280    0.7729    0.5724    0.6361    0.3321   0.04528    0.2757   0.01159
   108/299     10.9G   0.03117   0.02898  0.002152   0.06231        99      1280    0.7917    0.5594    0.6354    0.3318   0.04528    0.2759    0.0116
   109/299     10.9G   0.03103   0.02842  0.002091   0.06153        77      1280    0.7946    0.5624    0.6375     0.332   0.04526    0.2763    0.0116
   110/299     10.9G   0.03105   0.02897  0.002033   0.06204        97      1280     0.796    0.5624    0.6372    0.3324   0.04526    0.2766    0.0116
   111/299     10.9G   0.03111   0.02889  0.002078   0.06208       124      1280    0.7941    0.5614    0.6358    0.3319   0.04524     0.277   0.01159
   112/299     10.9G   0.03108   0.02871  0.001988   0.06178        98      1280    0.7712    0.5722    0.6354    0.3328   0.04523    0.2772   0.01159
   113/299     10.9G   0.03096   0.02849  0.002036   0.06148       119      1280    0.7709    0.5752    0.6354    0.3323   0.04523    0.2776   0.01157
   114/299     10.9G   0.03087   0.02851  0.001979   0.06137        62      1280    0.7773    0.5727    0.6357    0.3314   0.04522     0.278   0.01157
   115/299     10.9G   0.03096   0.02867  0.002014   0.06164       105      1280    0.7774    0.5713    0.6356    0.3327   0.04521    0.2785   0.01156
   116/299     10.9G   0.03092   0.02835  0.002002   0.06127        52      1280    0.7992    0.5616    0.6355    0.3324   0.04521    0.2787   0.01154
   117/299     10.9G   0.03087   0.02824  0.001945   0.06105       139      1280    0.7928    0.5651     0.634     0.332    0.0452     0.279   0.01154
   118/299     10.9G   0.03092   0.02818  0.001986   0.06109        74      1280    0.7943    0.5628    0.6332    0.3325   0.04519    0.2793   0.01154
   119/299     10.9G   0.03077   0.02803  0.001988   0.06079       111      1280    0.7668    0.5801    0.6362    0.3324   0.04518    0.2795   0.01153
   120/299     10.9G   0.03083   0.02829  0.001901   0.06103       106      1280    0.7672    0.5814    0.6375    0.3334   0.04517    0.2797   0.01152
   121/299     10.9G   0.03074   0.02831  0.001928   0.06098       124      1280    0.7662      0.58    0.6355    0.3319   0.04517      0.28    0.0115
   122/299     10.9G   0.03071   0.02867  0.001909   0.06129        61      1280     0.804    0.5615    0.6366    0.3324   0.04516    0.2802    0.0115
   123/299     10.9G    0.0307   0.02767  0.001942   0.06032        81      1280    0.8023     0.562     0.636    0.3331   0.04515    0.2805   0.01148
   124/299     10.9G   0.03068   0.02809  0.001866   0.06064       120      1280    0.8043    0.5625    0.6378    0.3336   0.04515    0.2808   0.01147
   125/299     10.9G   0.03062   0.02845  0.001923     0.061       136      1280    0.7354    0.5997    0.6382    0.3342   0.04516     0.281   0.01146
   126/299     10.9G   0.03066   0.02806  0.001826   0.06054       144      1280    0.7364    0.6003    0.6377    0.3342   0.04516    0.2813   0.01144
   127/299     10.9G    0.0307   0.02831  0.001906   0.06091       137      1280    0.7363    0.5999    0.6377    0.3344   0.04515    0.2816   0.01143
   128/299     10.9G   0.03058   0.02785  0.001809   0.06024        44      1280    0.7374     0.598    0.6372    0.3348   0.04514    0.2819   0.01143
   129/299     10.9G   0.03062    0.0282  0.001901   0.06072       130      1280     0.742    0.5971    0.6382    0.3351   0.04514    0.2822   0.01143
   130/299     10.9G   0.03062   0.02791   0.00186   0.06039        87      1280    0.7415    0.5979    0.6376    0.3355   0.04514    0.2827   0.01143
   131/299     10.9G   0.03048   0.02781  0.001806    0.0601       173      1280     0.741    0.5954    0.6361    0.3353   0.04514     0.283   0.01142
   132/299     10.9G   0.03061   0.02818  0.001833   0.06063        64      1280    0.7466    0.5934    0.6365    0.3365   0.04514    0.2833   0.01142
   133/299     10.9G   0.03057   0.02835  0.001882    0.0608        72      1280    0.7387    0.6001    0.6372    0.3366   0.04514    0.2836   0.01142
   134/299     10.9G   0.03053   0.02786  0.001774   0.06017       143      1280    0.7366    0.6011    0.6367    0.3363   0.04514    0.2839   0.01141
   135/299     10.9G   0.03036   0.02746  0.001801   0.05962        78      1280    0.7404    0.5993    0.6366    0.3363   0.04514    0.2842   0.01141
   136/299     10.9G   0.03035   0.02742   0.00176   0.05954       128      1280     0.745    0.5966    0.6362    0.3366   0.04514    0.2845    0.0114
   137/299     10.9G   0.03032   0.02793  0.001789   0.06003       102      1280    0.7486     0.595    0.6369    0.3368   0.04513    0.2848    0.0114
   138/299     10.9G   0.03021   0.02773  0.001757   0.05969        66      1280    0.7455    0.5964    0.6363    0.3368   0.04513     0.285    0.0114
   139/299     10.9G   0.03035   0.02737  0.001758   0.05948        81      1280    0.7471    0.5934    0.6358    0.3363   0.04513    0.2852   0.01139
   140/299     10.9G   0.03015   0.02769  0.001676   0.05952       116      1280    0.7454    0.5932     0.636    0.3361   0.04513    0.2855   0.01139
   141/299     10.9G   0.03029   0.02754  0.001755   0.05959        67      1280    0.7601    0.5845    0.6368    0.3367   0.04512    0.2857   0.01139
   142/299     10.9G   0.03014   0.02734  0.001672   0.05915       110      1280    0.7543    0.5885    0.6367    0.3366   0.04512    0.2859   0.01139
   143/299     10.9G   0.03027   0.02744  0.001666   0.05937       126      1280    0.7434    0.5967    0.6369    0.3364   0.04512    0.2862   0.01139
   144/299     10.9G   0.03023   0.02784  0.001748   0.05982        65      1280    0.7433    0.5973    0.6373     0.337   0.04511    0.2864   0.01138
   145/299     10.9G   0.03015   0.02763  0.001692   0.05947        28      1280    0.7484    0.5952    0.6375    0.3367   0.04511    0.2866   0.01138
   146/299     10.9G   0.03018   0.02721  0.001691   0.05908       128      1280    0.7481    0.5952    0.6385    0.3369    0.0451     0.287   0.01138
   147/299     10.9G   0.03002   0.02715  0.001636   0.05881        90      1280    0.7504    0.5941    0.6389    0.3372    0.0451    0.2873   0.01137
   148/299     10.9G   0.03011   0.02744  0.001679   0.05923       106      1280     0.756    0.5918    0.6391     0.338    0.0451    0.2876   0.01137
   149/299     10.9G   0.03006   0.02701  0.001672   0.05874       135      1280    0.7562    0.5921    0.6394    0.3382   0.04509    0.2878   0.01136
   150/299     10.9G   0.03009   0.02698  0.001641   0.05871        45      1280    0.7575    0.5912    0.6401    0.3384   0.04509    0.2881   0.01136
   151/299     10.9G   0.02991    0.0272  0.001603   0.05871       114      1280    0.7576    0.5924    0.6406    0.3384   0.04509    0.2883   0.01135
   152/299     10.9G   0.02988    0.0269  0.001603   0.05839        86      1280    0.7548    0.5934    0.6404    0.3384   0.04509    0.2885   0.01135
   153/299     10.9G   0.02994   0.02717  0.001582    0.0587       132      1280    0.7549    0.5938    0.6407     0.339   0.04509    0.2888   0.01135
   154/299     10.9G   0.02986   0.02685  0.001594    0.0583        89      1280    0.7786    0.5807     0.641    0.3386   0.04509     0.289   0.01134
   155/299     10.9G   0.03004   0.02739  0.001618   0.05905        84      1280     0.779    0.5812    0.6409    0.3388   0.04509    0.2893   0.01133
   156/299     10.9G   0.02992   0.02681  0.001549   0.05829        62      1280    0.7762    0.5817    0.6408    0.3391   0.04509    0.2895   0.01133
   157/299     10.9G   0.02992   0.02678  0.001646   0.05834        95      1280    0.7777    0.5809    0.6411    0.3393   0.04508    0.2898   0.01132
   158/299     10.9G   0.02988   0.02708  0.001601   0.05856        51      1280    0.7474    0.5998    0.6412    0.3387   0.04508    0.2901   0.01132
   159/299     10.9G   0.02976   0.02694  0.001613   0.05832       140      1280    0.7745    0.5849    0.6418    0.3392   0.04508    0.2904   0.01132
   160/299     10.9G   0.02988   0.02738  0.001637   0.05889       127      1280    0.7455    0.6007    0.6415    0.3396   0.04508    0.2906   0.01131
   161/299     10.9G   0.02976   0.02666  0.001571   0.05799        71      1280    0.7685    0.5883    0.6417    0.3393   0.04508    0.2908   0.01131
   162/299     10.9G   0.02972   0.02688  0.001505    0.0581       113      1280    0.7707     0.587     0.642    0.3401   0.04507     0.291   0.01131
   163/299     10.9G   0.02962   0.02681  0.001557   0.05799        93      1280    0.7611    0.5927     0.642    0.3408   0.04507    0.2914   0.01131
   164/299     10.9G   0.02968   0.02651  0.001552   0.05774        85      1280    0.7649    0.5919    0.6423    0.3414   0.04506    0.2916    0.0113
   165/299     10.9G   0.02975   0.02677  0.001517   0.05803        84      1280    0.7665    0.5909    0.6427    0.3415   0.04506    0.2919    0.0113
   166/299     10.9G   0.02968   0.02694  0.001556   0.05818       112      1280     0.763    0.5929    0.6427    0.3413   0.04506    0.2921   0.01131
   167/299     10.9G   0.02956   0.02661  0.001479   0.05765        76      1280     0.764    0.5929    0.6433    0.3412   0.04506    0.2923   0.01131
   168/299     10.9G   0.02949    0.0268   0.00147   0.05775        77      1280    0.7478    0.6017     0.643    0.3404   0.04505    0.2926   0.01131
   169/299     10.9G   0.02954   0.02642  0.001495   0.05746       155      1280    0.7465    0.6029    0.6432    0.3406   0.04505    0.2929   0.01131
   170/299     10.9G   0.02965    0.0267  0.001517   0.05787        86      1280    0.7504    0.6012    0.6434    0.3405   0.04505    0.2932   0.01131
   171/299     10.9G   0.02951   0.02642  0.001562   0.05749       117      1280    0.7494    0.6014    0.6432    0.3407   0.04504    0.2934    0.0113
   172/299     10.9G   0.02947   0.02642  0.001397   0.05729        97      1280    0.7487     0.602    0.6438    0.3411   0.04504    0.2938   0.01131
   173/299     10.9G   0.02929   0.02633  0.001414   0.05703        57      1280    0.7638    0.5936     0.644    0.3412   0.04504     0.294   0.01131
   174/299     10.9G   0.02946    0.0261  0.001458   0.05702        98      1280     0.759    0.5977    0.6439    0.3412   0.04503    0.2943   0.01131
   175/299     10.9G   0.02949   0.02642  0.001447   0.05736       101      1280    0.7701    0.5923    0.6446    0.3403   0.04503    0.2946    0.0113
   176/299     10.9G   0.02936    0.0266   0.00142   0.05737       165      1280    0.7594     0.597     0.644    0.3405   0.04502    0.2948    0.0113
   177/299     10.9G   0.02932    0.0262  0.001461   0.05698        91      1280    0.7659    0.5932    0.6441      0.34   0.04502    0.2951    0.0113
   178/299     10.9G   0.02925   0.02599  0.001351   0.05659        59      1280    0.7765    0.5864    0.6438    0.3399   0.04502    0.2953    0.0113
   179/299     10.9G   0.02938   0.02642  0.001395    0.0572        81      1280    0.7781    0.5882    0.6446    0.3402   0.04501    0.2955    0.0113
   180/299     10.9G   0.02927   0.02638  0.001422   0.05707        81      1280    0.7717    0.5913    0.6454     0.341   0.04501    0.2958    0.0113
   181/299     10.9G   0.02922   0.02587  0.001383   0.05647        71      1280    0.7747    0.5897    0.6458    0.3414     0.045     0.296   0.01129
   182/299     10.9G    0.0292   0.02613  0.001401   0.05673       109      1280    0.7731    0.5912    0.6461    0.3409     0.045    0.2963   0.01129
   183/299     10.9G   0.02922   0.02621  0.001385   0.05681        84      1280    0.7758     0.589    0.6463     0.341   0.04499    0.2966   0.01129
   184/299     10.9G   0.02914   0.02639  0.001433   0.05696        76      1280    0.7713    0.5916    0.6466    0.3404   0.04499    0.2968   0.01129
   185/299     10.9G   0.02915   0.02597  0.001324   0.05645        99      1280    0.7883     0.583    0.6473    0.3403   0.04498    0.2972   0.01128
   186/299     10.9G    0.0291   0.02586  0.001379   0.05634        96      1280    0.7676    0.5939    0.6472      0.34   0.04498    0.2973   0.01129
   187/299     10.9G   0.02898   0.02607  0.001345    0.0564       138      1280    0.7634    0.5958     0.647    0.3408   0.04497    0.2976   0.01128
   188/299     10.9G   0.02905   0.02571  0.001368   0.05613        95      1280    0.7611    0.5974    0.6476    0.3409   0.04497    0.2978   0.01128
   189/299     10.9G   0.02898   0.02577  0.001345    0.0561        79      1280    0.7744    0.5917    0.6478     0.341   0.04496     0.298   0.01128
   190/299     10.9G   0.02901    0.0258  0.001362   0.05618        73      1280    0.7729    0.5919    0.6476    0.3414   0.04496    0.2984   0.01128
   191/299     10.9G   0.02899   0.02578  0.001306   0.05608       101      1280    0.7701    0.5927    0.6477    0.3412   0.04496    0.2986   0.01127
   192/299     10.9G     0.029   0.02589  0.001303    0.0562        37      1280    0.7773     0.589    0.6476    0.3415   0.04495    0.2988   0.01127
   193/299     10.9G   0.02876   0.02585  0.001307   0.05592       104      1280    0.7773    0.5894    0.6478     0.342   0.04495    0.2991   0.01127
   194/299     10.9G   0.02897   0.02563  0.001318   0.05592       104      1280    0.7667    0.5956    0.6478    0.3416   0.04494    0.2993   0.01127
   195/299     10.9G   0.02887   0.02578  0.001325   0.05597       183      1280    0.7722    0.5933    0.6479    0.3418   0.04493    0.2995   0.01126
   196/299     10.9G   0.02884   0.02591  0.001261   0.05601        85      1280    0.7686    0.5947    0.6488    0.3421   0.04492    0.2998   0.01126
   197/299     10.9G   0.02872   0.02575  0.001294   0.05576        91      1280    0.7674    0.5959      0.65    0.3429   0.04491       0.3   0.01126
   198/299     10.9G   0.02882   0.02566   0.00129   0.05577       113      1280    0.7705     0.595      0.65    0.3431   0.04491    0.3002   0.01126
   199/299     10.9G   0.02877   0.02569  0.001262   0.05572        85      1280     0.772    0.5945    0.6503    0.3445    0.0449    0.3005   0.01125
   200/299     10.9G   0.02876    0.0256  0.001264   0.05563       113      1280    0.7693    0.5957    0.6506    0.3436    0.0449    0.3007   0.01125
   201/299     10.9G   0.02872   0.02546  0.001261   0.05544       100      1280    0.7694    0.5959    0.6505    0.3448   0.04489     0.301   0.01125
   202/299     10.9G   0.02865   0.02572  0.001266   0.05564       114      1280    0.7701     0.595    0.6506    0.3457   0.04489    0.3013   0.01125
   203/299     10.9G   0.02856   0.02597  0.001204   0.05573       119      1280    0.7695    0.5949    0.6506    0.3459   0.04489    0.3016   0.01125
   204/299     10.9G   0.02849   0.02533  0.001236   0.05505       100      1280    0.7668    0.5973    0.6508     0.346   0.04488    0.3019   0.01125
   205/299     10.9G    0.0285   0.02498  0.001205   0.05468       117      1280    0.7681    0.5976    0.6513    0.3446   0.04488    0.3022   0.01125
   206/299     10.9G   0.02855   0.02565   0.00121   0.05541       120      1280    0.7683    0.5957    0.6513    0.3442   0.04487    0.3024   0.01124
   207/299     10.9G   0.02842    0.0252  0.001176    0.0548        95      1280    0.7685    0.5947    0.6507    0.3445   0.04487    0.3027   0.01124
   208/299     10.9G   0.02842   0.02501  0.001206   0.05464        40      1280    0.7693    0.5941    0.6506    0.3439   0.04486    0.3029   0.01124
   209/299     10.9G   0.02857   0.02533  0.001242   0.05514        63      1280    0.7698    0.5943    0.6512    0.3447   0.04486    0.3032   0.01124
   210/299     10.9G   0.02842   0.02507  0.001202    0.0547        85      1280    0.7641    0.5975     0.651    0.3442   0.04485    0.3036   0.01124
   211/299     10.9G   0.02845   0.02542  0.001205   0.05507        55      1280    0.7606    0.5998    0.6507    0.3445   0.04485    0.3037   0.01124
   212/299     10.9G   0.02835   0.02527  0.001211   0.05483       118      1280    0.7602    0.5998    0.6504    0.3449   0.04484     0.304   0.01124
   213/299     10.9G   0.02836   0.02508  0.001147   0.05459        94      1280    0.7716    0.5938    0.6515    0.3449   0.04484    0.3042   0.01125
   214/299     10.9G   0.02834   0.02522  0.001172   0.05474        74      1280    0.7582    0.6018    0.6516    0.3449   0.04483    0.3045   0.01125
   215/299     10.9G   0.02828   0.02501  0.001211    0.0545       112      1280    0.7556    0.6031     0.651    0.3449   0.04482    0.3049   0.01125
   216/299     10.9G   0.02828   0.02493  0.001152   0.05436       155      1280    0.7552    0.6035    0.6518    0.3456   0.04482    0.3051   0.01124
   217/299     10.9G   0.02815   0.02491  0.001126   0.05418        58      1280    0.7655    0.5982    0.6511    0.3453   0.04481    0.3055   0.01124
   218/299     10.9G   0.02822   0.02507  0.001144   0.05443       109      1280    0.7784    0.5921    0.6508    0.3447    0.0448    0.3059   0.01124
   219/299     10.9G     0.028   0.02453  0.001108   0.05364        85      1280    0.7768    0.5924    0.6499    0.3448    0.0448    0.3062   0.01124
   220/299     10.9G   0.02809   0.02512  0.001131   0.05435       133      1280     0.777    0.5922    0.6505    0.3454   0.04479    0.3066   0.01124
   221/299     10.9G   0.02798   0.02465  0.001105   0.05373        92      1280    0.7787    0.5924    0.6506    0.3459   0.04478    0.3069   0.01124
   222/299     10.9G   0.02816   0.02498  0.001119   0.05426       115      1280    0.7769    0.5925    0.6504    0.3458   0.04477    0.3073   0.01124
   223/299     10.9G   0.02804   0.02485  0.001092   0.05398        83      1280     0.774    0.5948    0.6507    0.3461   0.04477    0.3076   0.01124
   224/299     10.9G   0.02803   0.02509  0.001099   0.05421        77      1280    0.7769    0.5942     0.651    0.3464   0.04476    0.3079   0.01124
   225/299     10.9G   0.02791   0.02466  0.001108   0.05368        82      1280    0.7749    0.5944    0.6511    0.3464   0.04476    0.3082   0.01123
   226/299     10.9G   0.02803    0.0249  0.001121   0.05406        89      1280    0.7806    0.5923    0.6512    0.3471   0.04475    0.3085   0.01124
   227/299     10.9G   0.02792   0.02481  0.001087   0.05381        55      1280    0.7802    0.5922    0.6511    0.3459   0.04475    0.3088   0.01123
   228/299     10.9G   0.02786   0.02468  0.001112   0.05365       105      1280    0.7798    0.5927    0.6509    0.3455   0.04474    0.3091   0.01123
   229/299     10.9G    0.0278   0.02455  0.001081   0.05343       114      1280    0.7825    0.5901    0.6508    0.3461   0.04474    0.3094   0.01123
   230/299     10.9G   0.02786   0.02426  0.001086    0.0532        74      1280    0.7766    0.5924     0.651    0.3462   0.04474    0.3097   0.01123
   231/299     10.9G   0.02793   0.02464  0.001041   0.05361       106      1280    0.7738    0.5943    0.6515     0.346   0.04474      0.31   0.01123
   232/299     10.9G   0.02774   0.02476  0.001081   0.05358        78      1280    0.7744    0.5937    0.6516    0.3461   0.04473    0.3103   0.01123
   233/299     10.9G   0.02773   0.02408  0.001067   0.05287       116      1280    0.7765    0.5941    0.6539    0.3463   0.04473    0.3105   0.01123
   234/299     10.9G   0.02774   0.02443  0.001044   0.05321        61      1280    0.7781    0.5945    0.6544    0.3467   0.04473    0.3108   0.01122
   235/299     10.9G   0.02771   0.02434  0.001026   0.05308        54      1280    0.7799    0.5945    0.6542    0.3465   0.04473    0.3111   0.01122
   236/299     10.9G   0.02769   0.02466  0.001033   0.05338        84      1280    0.7768     0.596    0.6546    0.3463   0.04472    0.3114   0.01122
   237/299     10.9G   0.02749   0.02445 0.0009902   0.05293        83      1280    0.7766    0.5971    0.6549    0.3463   0.04472    0.3117   0.01122
   238/299     10.9G   0.02752   0.02427  0.001002    0.0528        93      1280    0.7766    0.5979    0.6558    0.3465   0.04471    0.3119   0.01122
   239/299     10.9G   0.02755   0.02438  0.001012   0.05294        68      1280    0.7773    0.5983    0.6556    0.3464   0.04471    0.3123   0.01121
   240/299     10.9G   0.02754   0.02462  0.001013   0.05317        85      1280    0.7776    0.5987    0.6554    0.3462   0.04471    0.3125   0.01121
   241/299     10.9G   0.02756   0.02435  0.001024   0.05294       132      1280    0.7769     0.599    0.6553    0.3456   0.04471    0.3128   0.01121
   242/299     10.9G   0.02758   0.02429  0.001031    0.0529       129      1280    0.7772    0.5984    0.6556    0.3455    0.0447     0.313   0.01121
   243/299     10.9G   0.02739   0.02429  0.001035   0.05272       160      1280    0.7901    0.5921    0.6562    0.3458    0.0447    0.3133    0.0112
   244/299     10.9G   0.02754   0.02444  0.001018   0.05299        54      1280    0.7756    0.6002    0.6563    0.3457    0.0447    0.3136   0.01121
   245/299     10.9G    0.0274    0.0244 0.0009596   0.05275       150      1280    0.7956    0.5895    0.6563    0.3455    0.0447    0.3139   0.01121
   246/299     10.9G   0.02732   0.02408 0.0009834   0.05238       103      1280    0.7964    0.5895    0.6567     0.346   0.04469    0.3141   0.01121
   247/299     10.9G   0.02733   0.02419 0.0009351   0.05246       142      1280    0.7896    0.5927    0.6566    0.3455   0.04469    0.3144   0.01121
   248/299     10.9G   0.02733   0.02418 0.0009227   0.05243        86      1280    0.7904    0.5927    0.6569    0.3458   0.04469    0.3147   0.01121
   249/299     10.9G   0.02729   0.02423 0.0009942   0.05252        62      1280    0.7915    0.5924     0.657    0.3452   0.04469    0.3149   0.01121
   250/299     10.9G   0.02728   0.02413 0.0009926    0.0524        71      1280    0.7986    0.5886    0.6565    0.3454   0.04469    0.3152   0.01121
   251/299     10.9G   0.02726   0.02382 0.0009551   0.05203       102      1280    0.7981    0.5887    0.6566    0.3455   0.04469    0.3155   0.01121
   252/299     10.9G   0.02724   0.02408 0.0009555   0.05227        94      1280    0.7981    0.5886    0.6567    0.3448   0.04469    0.3159   0.01121
   253/299     10.9G   0.02717   0.02405 0.0009696   0.05219        98      1280    0.7692    0.6048    0.6569    0.3459   0.04469    0.3161   0.01121
   254/299     10.9G   0.02715   0.02363 0.0009232   0.05171        73      1280    0.7955    0.5894    0.6566    0.3457   0.04469    0.3165   0.01121
   255/299     10.9G   0.02719    0.0238 0.0009585   0.05195        45      1280    0.7671    0.6052    0.6563    0.3463   0.04468    0.3168   0.01121
   256/299     10.9G   0.02714   0.02383 0.0009602   0.05194        98      1280     0.764    0.6063    0.6559    0.3459   0.04468    0.3171   0.01121
   257/299     10.9G   0.02704   0.02387 0.0009294   0.05184        69      1280    0.7647    0.6071    0.6556    0.3456   0.04467    0.3175   0.01121
   258/299     10.9G   0.02713   0.02393  0.000933   0.05199       110      1280    0.7891    0.5919    0.6551    0.3458   0.04467    0.3178   0.01121
   259/299     10.9G   0.02703   0.02358 0.0009059   0.05152        50      1280    0.7953    0.5884    0.6554    0.3459   0.04467    0.3181   0.01121
   260/299     10.9G   0.02702   0.02377  0.000927   0.05172       112      1280    0.7941    0.5897    0.6547    0.3457   0.04467    0.3184   0.01121
   261/299     10.9G   0.02691   0.02326 0.0009131   0.05109        71      1280    0.7751       0.6    0.6554    0.3456   0.04466    0.3187   0.01121
   262/299     10.9G    0.0269   0.02375 0.0009037   0.05155        95      1280    0.7843    0.5947    0.6548    0.3463   0.04466     0.319   0.01121
   263/299     10.9G   0.02699   0.02369 0.0009362   0.05162        98      1280    0.7997    0.5872    0.6551    0.3465   0.04466    0.3193   0.01121
   264/299     10.9G   0.02688   0.02365 0.0008913   0.05142        85      1280    0.7966    0.5901    0.6552    0.3474   0.04465    0.3196   0.01121
   265/299     10.9G   0.02684    0.0232 0.0008899   0.05092        44      1280     0.796    0.5902    0.6552    0.3472   0.04465    0.3199   0.01121
   266/299     10.9G   0.02689    0.0235 0.0009149   0.05131        71      1280    0.7758     0.601    0.6549    0.3473   0.04464    0.3202   0.01122
   267/299     10.9G   0.02696   0.02387 0.0009339   0.05176        62      1280    0.7937     0.592    0.6555    0.3469   0.04464    0.3205   0.01122
   268/299     10.9G   0.02691   0.02363 0.0009077   0.05145        50      1280    0.7963    0.5918    0.6558    0.3468   0.04464    0.3208   0.01122
   269/299     10.9G   0.02686   0.02372 0.0009262   0.05152       138      1280    0.7939    0.5925    0.6553    0.3469   0.04463    0.3211   0.01122
   270/299     10.9G   0.02685   0.02389 0.0009149   0.05165       121      1280    0.7935    0.5917    0.6555    0.3475   0.04463    0.3214   0.01122
   271/299     10.9G   0.02685   0.02382 0.0008899   0.05156        65      1280    0.7927    0.5919    0.6554     0.347   0.04463    0.3217   0.01122
   272/299     10.9G   0.02677   0.02355 0.0009291   0.05125        77      1280    0.7842    0.5965    0.6537    0.3482   0.04462     0.322   0.01123
   273/299     10.9G    0.0268   0.02339 0.0008822   0.05108       116      1280    0.7834    0.5973    0.6536    0.3484   0.04462    0.3223   0.01123
   274/299     10.9G   0.02679    0.0235 0.0009259   0.05121        94      1280     0.786    0.5981    0.6539    0.3482   0.04462    0.3226   0.01123
   275/299     10.9G   0.02692   0.02396 0.0008916   0.05177       142      1280    0.7856    0.5981    0.6535     0.348   0.04461    0.3229   0.01124
   276/299     10.9G   0.02674   0.02372 0.0008442    0.0513       106      1280    0.7854    0.5989    0.6542    0.3481   0.04461    0.3233   0.01125
   277/299     10.9G   0.02678   0.02349 0.0009203   0.05119        79      1280     0.786    0.5986    0.6542     0.348   0.04461    0.3237   0.01125
   278/299     10.9G   0.02683   0.02364 0.0008887   0.05136        69      1280    0.7885    0.5985    0.6544    0.3483   0.04461    0.3239   0.01126
   279/299     10.9G   0.02664   0.02339 0.0008835   0.05091       111      1280    0.7884    0.5994    0.6547    0.3484    0.0446    0.3242   0.01127
   280/299     10.9G   0.02671   0.02352 0.0008927   0.05112        82      1280    0.7875    0.6006    0.6551    0.3484    0.0446    0.3246   0.01127
   281/299     10.9G   0.02666   0.02299 0.0008617   0.05051        75      1280    0.7865    0.6012     0.655    0.3486    0.0446    0.3249   0.01128
   282/299     10.9G   0.02675   0.02373 0.0009409   0.05142       112      1280    0.7936    0.5977    0.6549    0.3491   0.04459    0.3252   0.01129
   283/299     10.9G   0.02671   0.02337 0.0008388   0.05092        65      1280     0.793    0.5975    0.6549    0.3487   0.04459    0.3254    0.0113
   284/299     10.9G   0.02662   0.02352 0.0008553   0.05099       129      1280    0.7952    0.5981    0.6556    0.3487   0.04459    0.3256    0.0113
   285/299     10.9G   0.02656   0.02294 0.0007847   0.05028       137      1280    0.7958    0.5985     0.656    0.3482   0.04459    0.3258   0.01131
   286/299     10.9G   0.02665   0.02346 0.0008895     0.051       143      1280    0.7987    0.5968     0.656    0.3481   0.04459    0.3261   0.01132
   287/299     10.9G   0.02666   0.02323 0.0008693   0.05077        81      1280    0.7961    0.5983    0.6566    0.3485   0.04459    0.3263   0.01132
   288/299     10.9G   0.02653   0.02331 0.0008306   0.05068        43      1280    0.7995    0.5965    0.6572    0.3484   0.04459    0.3266   0.01133
   289/299     10.9G   0.02662   0.02332 0.0009093   0.05085       146      1280    0.7999    0.5968    0.6562    0.3482   0.04459    0.3269   0.01134
   290/299     10.9G   0.02667   0.02329 0.0008671   0.05083        66      1280     0.801    0.5953    0.6562    0.3481   0.04459    0.3271   0.01134
   291/299     10.9G   0.02659   0.02341 0.0008554   0.05085       141      1280    0.7984     0.597    0.6562    0.3483   0.04459    0.3273   0.01135
   292/299     10.9G   0.02661   0.02331 0.0008555   0.05078        70      1280    0.7903    0.6001    0.6561    0.3485   0.04459    0.3275   0.01136
   293/299     10.9G   0.02658   0.02321 0.0008589   0.05065        67      1280    0.7929    0.5989    0.6561    0.3481   0.04459    0.3278   0.01136
   294/299     10.9G   0.02646   0.02317 0.0008919   0.05053       131      1280    0.7936    0.5987    0.6561    0.3483   0.04459     0.328   0.01137
   295/299     10.9G   0.02647   0.02331 0.0008665   0.05065        74      1280     0.769    0.6136     0.656    0.3488   0.04459    0.3282   0.01138
   296/299     10.9G   0.02646   0.02305 0.0008597   0.05037       141      1280    0.7689    0.6139    0.6562    0.3492    0.0446    0.3284   0.01138
   297/299     10.9G    0.0266   0.02344 0.0009119   0.05095        73      1280    0.7694    0.6135     0.656    0.3498    0.0446    0.3286   0.01139
   298/299     10.9G   0.02661   0.02328 0.0008986   0.05079       171      1280    0.7635    0.6167    0.6562    0.3489    0.0446    0.3288    0.0114
   299/299     10.9G   0.02649   0.02321 0.0008693   0.05057        89      1280    0.7648    0.6162    0.6558    0.3491    0.0446    0.3291   0.01141
